2 0.062500 0.187500 0.122222 0.122222
2 0.185417 0.186111 0.123611 0.122222
2 0.313194 0.186111 0.123611 0.122222
2 0.438194 0.186111 0.123611 0.122222
2 0.561806 0.309722 0.123611 0.122222
2 0.686806 0.186111 0.123611 0.122222
2 0.810417 0.188889 0.123611 0.122222
2 0.936806 0.187500 0.123611 0.122222
1 0.561111 0.063889 0.125000 0.125000
1 0.562500 0.937500 0.125000 0.125000
2 0.560417 0.559722 0.123611 0.122222
2 0.685417 0.809722 0.123611 0.122222
2 0.811806 0.812500 0.123611 0.122222
2 0.938194 0.809722 0.123611 0.122222
2 0.435417 0.561806 0.123611 0.123611
2 0.312500 0.811111 0.125000 0.122222
2 0.186111 0.811111 0.125000 0.122222
2 0.062500 0.811111 0.122222 0.122222
