3 0.062500 0.063889 0.122222 0.125000
3 0.937500 0.063889 0.122222 0.125000
3 0.934722 0.936806 0.122222 0.126389
3 0.061806 0.936806 0.120833 0.126389
0 0.311806 0.063194 0.126389 0.123611
0 0.686806 0.063194 0.126389 0.123611
0 0.685417 0.937500 0.126389 0.125000
0 0.313194 0.937500 0.126389 0.125000
4 0.811806 0.063194 0.126389 0.123611
4 0.311806 0.309722 0.126389 0.125000
4 0.436806 0.436111 0.126389 0.125000
4 0.810417 0.936111 0.126389 0.125000
5 0.435417 0.936806 0.120833 0.123611
1 0.561806 0.062500 0.123611 0.122222
1 0.560417 0.938194 0.123611 0.123611
2 0.063194 0.187500 0.123611 0.119444
2 0.185417 0.188889 0.123611 0.119444
2 0.311806 0.187500 0.123611 0.119444
2 0.557639 0.187500 0.123611 0.119444
2 0.685417 0.186111 0.123611 0.119444
2 0.811806 0.186111 0.123611 0.119444
2 0.938194 0.188889 0.123611 0.119444
2 0.938194 0.811111 0.123611 0.119444
2 0.813194 0.811111 0.123611 0.119444
2 0.688194 0.811111 0.123611 0.119444
2 0.438194 0.808333 0.123611 0.119444
2 0.311111 0.808333 0.125000 0.119444
2 0.187500 0.811111 0.125000 0.119444
2 0.062500 0.811111 0.122222 0.119444
